0	2.35132E-12	-316	-18.2216
0.00194174783276663	-0.613588	-315.994	-18.2163
0.00388349566553327	-1.22715	-315.976	-18.2109
0.0058252434982999	-1.84067	-315.946	-18.2054
0.00776699133106654	-2.45412	-315.905	-18.1997
0.00970873916383317	-3.06748	-315.851	-18.1939
0.0116504869965998	-3.68072	-315.786	-18.1879
0.0135922348293664	-4.29383	-315.709	-18.1818
0.0155339826621331	-4.90677	-315.619	-18.1755
0.0174757304948997	-5.51952	-315.518	-18.1691
0.0194174783276663	-6.13207	-315.405	-18.1624
0.021359226160433	-6.74439	-315.28	-18.1556
0.0233009739931996	-7.35646	-315.144	-18.1487
0.0252427218259662	-7.96824	-314.995	-18.1415
0.0271844696587329	-8.57973	-314.835	-18.1342
0.0291262174914995	-9.1909	-314.663	-18.1267
0.0310679653242661	-9.80171	-314.478	-18.119
0.0330097131570328	-10.4122	-314.282	-18.1112
0.0349514609897994	-11.0222	-314.075	-18.1031
0.0368932088225661	-11.6319	-313.855	-18.0949
0.0388349566553327	-12.2411	-313.624	-18.0864
0.0407767044880993	-12.8498	-313.38	-18.0778
0.042718452320866	-13.4581	-313.125	-18.069
0.0446602001536326	-14.0658	-312.858	-18.06
0.0466019479863992	-14.673	-312.58	-18.0508
0.0485436958191659	-15.2797	-312.289	-18.0414
0.0504854436519325	-15.8858	-311.987	-18.0319
0.0524271914846991	-16.4913	-311.673	-18.0221
0.0543689393174658	-17.0962	-311.348	-18.0122
0.0563106871502324	-17.7004	-311.01	-18.002
0.058252434982999	-18.304	-310.661	-17.9917
0.0601941828157657	-18.9069	-310.301	-17.9812
0.0621359306485323	-19.509	-309.928	-17.9705
0.0640776784812989	-20.1105	-309.544	-17.9596
0.0660194263140656	-20.7111	-309.148	-17.9486
0.0679611741468322	-21.311	-308.741	-17.9373
0.0699029219795988	-21.9101	-308.322	-17.9259
0.0718446698123655	-22.5084	-307.891	-17.9142
0.0737864176451321	-23.1058	-307.449	-17.9024
0.0757281654778987	-23.7024	-306.995	-17.8904
0.0776699133106654	-24.298	-306.53	-17.8783
0.079611661143432	-24.8928	-306.053	-17.8659
0.0815534089761986	-25.4866	-305.565	-17.8534
0.0834951568089653	-26.0794	-305.065	-17.8407
0.0854369046417319	-26.6713	-304.553	-17.8278
0.0873786524744985	-27.2621	-304.03	-17.8147
0.0893204003072652	-27.852	-303.496	-17.8015
0.0912621481400318	-28.4408	-302.95	-17.7881
0.0932038959727984	-29.0285	-302.393	-17.7745
0.0951456438055651	-29.6151	-301.825	-17.7607
0.0970873916383317	-30.2006	-301.245	-17.7468
0.0990291394710983	-30.785	-300.653	-17.7327
0.100970887303865	-31.3682	-300.051	-17.7184
0.102912635136632	-31.9502	-299.437	-17.704
0.104854382969398	-32.531	-298.812	-17.6893
0.106796130802165	-33.1106	-298.176	-17.6746
0.108737878634932	-33.689	-297.528	-17.6596
0.110679626467698	-34.2661	-296.869	-17.6445
0.112621374300465	-34.8419	-296.199	-17.6292
0.114563122133231	-35.4164	-295.518	-17.6138
0.116504869965998	-35.9895	-294.826	-17.5981
0.118446617798765	-36.5613	-294.122	-17.5824
0.120388365631531	-37.1317	-293.408	-17.5664
0.122330113464298	-37.7007	-292.682	-17.5503
0.124271861297065	-38.2683	-291.946	-17.534
0.126213609129831	-38.8345	-291.198	-17.5176
0.128155356962598	-39.3992	-290.44	-17.501
0.130097104795364	-39.9624	-289.671	-17.4842
0.132038852628131	-40.5241	-288.89	-17.4673
0.133980600460898	-41.0843	-288.099	-17.4502
0.135922348293664	-41.643	-287.297	-17.433
0.137864096126431	-42.2	-286.484	-17.4155
0.139805843959198	-42.7555	-285.661	-17.398
0.141747591791964	-43.3094	-284.826	-17.3802
0.143689339624731	-43.8616	-283.981	-17.3623
0.145631087457498	-44.4122	-283.125	-17.3443
0.147572835290264	-44.9611	-282.259	-17.326
0.149514583123031	-45.5084	-281.382	-17.3076
0.151456330955797	-46.0539	-280.494	-17.2891
0.153398078788564	-46.5976	-279.596	-17.2704
0.155339826621331	-47.1397	-278.687	-17.2515
0.157281574454097	-47.6799	-277.768	-17.2324
0.159223322286864	-48.2184	-276.838	-17.2132
0.161165070119631	-48.755	-275.898	-17.1938
0.163106817952397	-49.2898	-274.947	-17.1743
0.165048565785164	-49.8228	-273.987	-17.1546
0.166990313617931	-50.3538	-273.015	-17.1347
0.168932061450697	-50.883	-272.034	-17.1147
0.170873809283464	-51.4103	-271.042	-17.0945
0.17281555711623	-51.9356	-270.04	-17.0741
0.174757304948997	-52.459	-269.028	-17.0535
0.176699052781764	-52.9804	-268.006	-17.0328
0.17864080061453	-53.4998	-266.974	-17.0119
0.180582548447297	-54.0171	-265.931	-16.9909
0.182524296280064	-54.5325	-264.879	-16.9696
0.18446604411283	-55.0458	-263.817	-16.9482
0.186407791945597	-55.557	-262.744	-16.9266
0.188349539778364	-56.0662	-261.662	-16.9049
0.19029128761113	-56.5732	-260.57	-16.883
0.192233035443897	-57.0781	-259.468	-16.8608
0.194174783276663	-57.5808	-258.357	-16.8386
0.19611653110943	-58.0814	-257.235	-16.8161
0.198058278942197	-58.5798	-256.104	-16.7934
0.200000026774963	-59.076	-254.964	-16.7706
0.20194177460773	-59.5699	-253.814	-16.7476
0.203883522440497	-60.0616	-252.654	-16.7244
0.205825270273263	-60.5511	-251.484	-16.701
0.20776701810603	-61.0383	-250.306	-16.6775
0.209708765938797	-61.5232	-249.117	-16.6537
0.211650513771563	-62.0057	-247.92	-16.6297
0.21359226160433	-62.4859	-246.713	-16.6056
0.215534009437096	-62.9638	-245.497	-16.5813
0.217475757269863	-63.4393	-244.271	-16.5568
0.21941750510263	-63.9124	-243.037	-16.532
0.221359252935396	-64.3832	-241.793	-16.5071
0.223301000768163	-64.8514	-240.54	-16.482
0.22524274860093	-65.3173	-239.278	-16.4567
0.227184496433696	-65.7807	-238.007	-16.4312
0.229126244266463	-66.2416	-236.727	-16.4054
0.231067992099229	-66.7	-235.438	-16.3795
0.233009739931996	-67.1559	-234.141	-16.3534
0.234951487764763	-67.6093	-232.834	-16.327
0.236893235597529	-68.0601	-231.519	-16.3005
0.238834983430296	-68.5084	-230.195	-16.2737
0.240776731263063	-68.9541	-228.862	-16.2467
0.242718479095829	-69.3971	-227.521	-16.2195
0.244660226928596	-69.8376	-226.171	-16.1921
0.246601974761363	-70.2755	-224.813	-16.1645
0.248543722594129	-70.7107	-223.446	-16.1366
0.250485470426896	-71.1432	-222.07	-16.1085
0.252427218259662	-71.5731	-220.687	-16.0802
0.254368966092429	-72.0003	-219.295	-16.0517
0.256310713925196	-72.4247	-217.895	-16.0229
0.258252461757962	-72.8464	-216.486	-15.9939
0.260194209590729	-73.2654	-215.07	-15.9646
0.262135957423496	-73.6817	-213.645	-15.9351
0.264077705256262	-74.0951	-212.213	-15.9054
0.266019453089029	-74.5058	-210.772	-15.8754
0.267961200921796	-74.9136	-209.323	-15.8452
0.269902948754562	-75.3187	-207.867	-15.8147
0.271844696587329	-75.7209	-206.403	-15.784
0.273786444420095	-76.1202	-204.931	-15.753
0.275728192252862	-76.5167	-203.451	-15.7217
0.277669940085629	-76.9103	-201.963	-15.6902
0.279611687918395	-77.301	-200.468	-15.6584
0.281553435751162	-77.6888	-198.966	-15.6264
0.283495183583929	-78.0737	-197.456	-15.5941
0.285436931416695	-78.4557	-195.938	-15.5615
0.287378679249462	-78.8346	-194.413	-15.5286
0.289320427082228	-79.2107	-192.881	-15.4955
0.291262174914995	-79.5837	-191.341	-15.462
0.293203922747762	-79.9537	-189.795	-15.4283
0.295145670580528	-80.3208	-188.241	-15.3943
0.297087418413295	-80.6848	-186.68	-15.36
0.299029166246062	-81.0457	-185.112	-15.3253
0.300970914078828	-81.4036	-183.537	-15.2904
0.302912661911595	-81.7585	-181.955	-15.2552
0.304854409744362	-82.1103	-180.367	-15.2196
0.306796157577128	-82.4589	-178.771	-15.1838
0.308737905409895	-82.8045	-177.169	-15.1476
0.310679653242662	-83.147	-175.56	-15.1111
0.312621401075428	-83.4863	-173.945	-15.0742
0.314563148908195	-83.8225	-172.323	-15.037
0.316504896740961	-84.1555	-170.694	-14.9995
0.318446644573728	-84.4854	-169.059	-14.9616
0.320388392406495	-84.812	-167.418	-14.9234
0.322330140239261	-85.1355	-165.77	-14.8848
0.324271888072028	-85.4558	-164.116	-14.8459
0.326213635904795	-85.7729	-162.456	-14.8066
0.328155383737561	-86.0867	-160.79	-14.7669
0.330097131570328	-86.3973	-159.118	-14.7269
0.332038879403094	-86.7046	-157.44	-14.6864
0.333980627235861	-87.0087	-155.756	-14.6456
0.335922375068628	-87.3095	-154.066	-14.6044
0.337864122901394	-87.607	-152.37	-14.5627
0.339805870734161	-87.9012	-150.669	-14.5207
0.341747618566928	-88.1921	-148.961	-14.4782
0.343689366399694	-88.4797	-147.249	-14.4353
0.345631114232461	-88.764	-145.53	-14.392
0.347572862065228	-89.0449	-143.806	-14.3483
0.349514609897994	-89.3224	-142.077	-14.3041
0.351456357730761	-89.5966	-140.343	-14.2594
0.353398105563527	-89.8674	-138.603	-14.2143
0.355339853396294	-90.1349	-136.858	-14.1687
0.357281601229061	-90.3989	-135.107	-14.1226
0.359223349061827	-90.6596	-133.352	-14.0761
0.361165096894594	-90.9168	-131.592	-14.0291
0.363106844727361	-91.1706	-129.826	-13.9815
0.365048592560127	-91.421	-128.056	-13.9334
0.366990340392894	-91.6679	-126.281	-13.8849
0.36893208822566	-91.9114	-124.501	-13.8357
0.370873836058427	-92.1514	-122.717	-13.7861
0.372815583891194	-92.388	-120.928	-13.7359
0.37475733172396	-92.621	-119.134	-13.6851
0.376699079556727	-92.8506	-117.336	-13.6337
0.378640827389494	-93.0767	-115.534	-13.5818
0.38058257522226	-93.2993	-113.727	-13.5292
0.382524323055027	-93.5184	-111.916	-13.4761
0.384466070887794	-93.7339	-110.1	-13.4223
0.38640781872056	-93.9459	-108.281	-13.3679
0.388349566553327	-94.1544	-106.457	-13.3129
0.390291314386093	-94.3593	-104.63	-13.2572
0.39223306221886	-94.5607	-102.798	-13.2008
0.394174810051627	-94.7586	-100.963	-13.1437
0.396116557884393	-94.9528	-99.1234	-13.0859
0.39805830571716	-95.1435	-97.2805	-13.0275
0.400000053549927	-95.3306	-95.4339	-12.9682
0.401941801382693	-95.5141	-93.5837	-12.9083
0.40388354921546	-95.694	-91.73	-12.8475
0.405825297048227	-95.8703	-89.8728	-12.786
0.407767044880993	-96.0431	-88.0122	-12.7237
0.40970879271376	-96.2121	-86.1483	-12.6606
0.411650540546526	-96.3776	-84.2812	-12.5967
0.413592288379293	-96.5394	-82.4109	-12.5319
0.41553403621206	-96.6976	-80.5375	-12.4662
0.417475784044826	-96.8522	-78.6611	-12.3996
0.419417531877593	-97.0031	-76.7817	-12.3322
0.42135927971036	-97.1504	-74.8995	-12.2638
0.423301027543126	-97.294	-73.0144	-12.1944
0.425242775375893	-97.4339	-71.1265	-12.1241
0.42718452320866	-97.5702	-69.236	-12.0528
0.429126271041426	-97.7028	-67.3429	-11.9805
0.431068018874193	-97.8317	-65.4472	-11.9071
0.433009766706959	-97.957	-63.5491	-11.8327
0.434951514539726	-98.0785	-61.6485	-11.7572
0.436893262372493	-98.1964	-59.7457	-11.6805
0.438835010205259	-98.3105	-57.8406	-11.6028
0.440776758038026	-98.421	-55.9333	-11.5238
0.442718505870793	-98.5278	-54.024	-11.4437
0.444660253703559	-98.6308	-52.1125	-11.3623
0.446602001536326	-98.7301	-50.1992	-11.2797
0.448543749369093	-98.8258	-48.2839	-11.1958
0.450485497201859	-98.9177	-46.3668	-11.1105
0.452427245034626	-99.0058	-44.448	-11.024
0.454368992867392	-99.0903	-42.5275	-10.936
0.456310740700159	-99.171	-40.6054	-10.8466
0.458252488532926	-99.248	-38.6818	-10.7558
0.460194236365692	-99.3212	-36.7567	-10.6634
0.462135984198459	-99.3907	-34.8302	-10.5696
0.464077732031226	-99.4565	-32.9024	-10.4742
0.466019479863992	-99.5185	-30.9734	-10.3771
0.467961227696759	-99.5767	-29.0432	-10.2785
0.469902975529525	-99.6313	-27.112	-10.1781
0.471844723362292	-99.682	-25.1797	-10.076
0.473786471195059	-99.729	-23.2464	-9.97217
0.475728219027825	-99.7723	-21.3123	-9.86649
0.477669966860592	-99.8118	-19.3774	-9.75894
0.479611714693359	-99.8476	-17.4417	-9.64948
0.481553462526125	-99.8795	-15.5054	-9.53805
0.483495210358892	-99.9078	-13.5685	-9.42461
0.485436958191659	-99.9322	-11.6311	-9.30911
0.487378706024425	-99.9529	-9.69324	-9.19148
0.489320453857192	-99.9699	-7.75503	-9.07168
0.491262201689958	-99.9831	-5.81653	-8.94965
0.493203949522725	-99.9925	-3.87781	-8.82532
0.495145697355492	-99.9981	-1.93894	-8.69865
0.497087445188258	-100	8.82901E-12	-8.56957
0.499029193021025	-99.9981	1.93894	-8.43801
0.500970940853792	-99.9925	3.87781	-8.30392
0.502912688686558	-99.9831	5.81653	-8.16722
0.504854436519325	-99.9699	7.75503	-8.02785
0.506796184352092	-99.9529	9.69324	-7.88573
0.508737932184858	-99.9322	11.6311	-7.74081
0.510679680017625	-99.9078	13.5685	-7.593
0.512621427850391	-99.8795	15.5054	-7.44222
0.514563175683158	-99.8476	17.4417	-7.28841
0.516504923515925	-99.8118	19.3774	-7.13149
0.518446671348691	-99.7723	21.3123	-6.97137
0.520388419181458	-99.729	23.2464	-6.80797
0.522330167014225	-99.682	25.1797	-6.64121
0.524271914846991	-99.6313	27.112	-6.471
0.526213662679758	-99.5767	29.0432	-6.29726
0.528155410512525	-99.5185	30.9734	-6.1199
0.530097158345291	-99.4565	32.9024	-5.93882
0.532038906178058	-99.3907	34.8302	-5.75394
0.533980654010824	-99.3212	36.7567	-5.56516
0.535922401843591	-99.248	38.6818	-5.37239
0.537864149676358	-99.171	40.6054	-5.17552
0.539805897509124	-99.0903	42.5275	-4.97447
0.541747645341891	-99.0058	44.448	-4.76912
0.543689393174658	-98.9177	46.3668	-4.55939
0.545631141007424	-98.8258	48.2839	-4.34517
0.547572888840191	-98.7301	50.1992	-4.12635
0.549514636672958	-98.6308	52.1125	-3.90284
0.551456384505724	-98.5278	54.024	-3.67453
0.553398132338491	-98.421	55.9333	-3.44132
0.555339880171257	-98.3105	57.8406	-3.2031
0.557281628004024	-98.1964	59.7457	-2.95976
0.559223375836791	-98.0785	61.6485	-2.71121
0.561165123669557	-97.957	63.5491	-2.45735
0.563106871502324	-97.8317	65.4472	-2.19806
0.565048619335091	-97.7028	67.3429	-1.93325
0.566990367167857	-97.5702	69.236	-1.66282
0.568932115000624	-97.4339	71.1265	-1.38667
0.57087386283339	-97.294	73.0144	-1.10471
0.572815610666157	-97.1504	74.8995	-0.816856
0.574757358498924	-97.0031	76.7817	-0.523007
0.57669910633169	-96.8522	78.6611	-0.223085
0.578640854164457	-96.6976	80.5375	0.0829884
0.580582601997224	-96.5394	82.4109	0.395286
0.58252434982999	-96.3776	84.2812	0.713876
0.584466097662757	-96.2121	86.1483	1.03882
0.586407845495523	-96.0431	88.0122	1.37016
0.58834959332829	-95.8703	89.8728	1.70796
0.590291341161057	-95.694	91.73	2.05224
0.592233088993823	-95.5141	93.5837	2.40302
0.59417483682659	-95.3306	95.4339	2.76033
0.596116584659357	-95.1435	97.2805	3.12417
0.598058332492123	-94.9528	99.1234	3.49451
0.60000008032489	-94.7586	100.963	3.87135
0.601941828157657	-94.5607	102.798	4.25463
0.603883575990423	-94.3593	104.63	4.64431
0.60582532382319	-94.1544	106.457	5.0403
0.607767071655957	-93.9459	108.281	5.44251
0.609708819488723	-93.7339	110.1	5.85084
0.61165056732149	-93.5184	111.916	6.26515
0.613592315154256	-93.2993	113.727	6.68528
0.615534062987023	-93.0767	115.534	7.11106
0.61747581081979	-92.8506	117.336	7.54229
0.619417558652556	-92.621	119.134	7.97874
0.621359306485323	-92.388	120.928	8.42016
0.62330105431809	-92.1514	122.717	8.86627
0.625242802150856	-91.9114	124.501	9.31677
0.627184549983623	-91.6679	126.281	9.77132
0.62912629781639	-91.421	128.056	10.2296
0.631068045649156	-91.1706	129.826	10.6911
0.633009793481923	-90.9168	131.592	11.1555
0.634951541314689	-90.6596	133.352	11.6224
0.636893289147456	-90.3989	135.107	12.0912
0.638835036980223	-90.1349	136.858	12.5615
0.640776784812989	-89.8674	138.603	13.0327
0.642718532645756	-89.5966	140.343	13.5042
0.644660280478523	-89.3224	142.077	13.9756
0.646602028311289	-89.0449	143.806	14.4461
0.648543776144056	-88.764	145.53	14.9151
0.650485523976822	-88.4797	147.249	15.3821
0.652427271809589	-88.1921	148.961	15.8462
0.654369019642356	-87.9012	150.669	16.3069
0.656310767475122	-87.607	152.37	16.7635
0.658252515307889	-87.3095	154.066	17.2152
0.660194263140656	-87.0087	155.756	17.6613
0.662136010973422	-86.7046	157.44	18.1011
0.664077758806189	-86.3973	159.118	18.534
0.666019506638956	-86.0867	160.79	18.9591
0.667961254471722	-85.7729	162.456	19.3758
0.669903002304489	-85.4558	164.116	19.7835
0.671844750137255	-85.1355	165.77	20.1814
0.673786497970022	-84.812	167.418	20.5689
0.675728245802789	-84.4854	169.059	20.9453
0.677669993635555	-84.1555	170.694	21.3102
0.679611741468322	-83.8225	172.323	21.6628
0.681553489301089	-83.4863	173.945	22.0028
0.683495237133855	-83.147	175.56	22.3295
0.685436984966622	-82.8045	177.169	22.6426
0.687378732799389	-82.4589	178.771	22.9417
0.689320480632155	-82.1103	180.367	23.2263
0.691262228464922	-81.7585	181.955	23.4963
0.693203976297688	-81.4036	183.537	23.7513
0.695145724130455	-81.0457	185.112	23.9912
0.697087471963222	-80.6848	186.68	24.2157
0.699029219795988	-80.3208	188.241	24.4249
0.700970967628755	-79.9537	189.795	24.6186
0.702912715461522	-79.5837	191.341	24.7969
0.704854463294288	-79.2107	192.881	24.9598
0.706796211127055	-78.8346	194.413	25.1074
0.708737958959822	-78.4557	195.938	25.2399
0.710679706792588	-78.0737	197.456	25.3575
0.712621454625355	-77.6888	198.966	25.4604
0.714563202458121	-77.301	200.468	25.5489
0.716504950290888	-76.9103	201.963	25.6233
0.718446698123655	-76.5167	203.451	25.684
0.720388445956421	-76.1202	204.931	25.7313
0.722330193789188	-75.7209	206.403	25.7658
0.724271941621955	-75.3187	207.867	25.7877
0.726213689454721	-74.9136	209.323	25.7977
0.728155437287488	-74.5058	210.772	25.7961
0.730097185120254	-74.0951	212.213	25.7834
0.732038932953021	-73.6817	213.645	25.7602
0.733980680785788	-73.2654	215.07	25.727
0.735922428618554	-72.8464	216.486	25.6843
0.737864176451321	-72.4247	217.895	25.6326
0.739805924284088	-72.0003	219.295	25.5725
0.741747672116854	-71.5731	220.687	25.5044
0.743689419949621	-71.1432	222.07	25.429
0.745631167782388	-70.7107	223.446	25.3467
0.747572915615154	-70.2755	224.813	25.258
0.749514663447921	-69.8376	226.171	25.1634
0.751456411280687	-69.3971	227.521	25.0634
0.753398159113454	-68.9541	228.862	24.9585
0.755339906946221	-68.5084	230.195	24.8492
0.757281654778987	-68.0601	231.519	24.7358
0.759223402611754	-67.6093	232.834	24.6189
0.761165150444521	-67.1559	234.141	24.4988
0.763106898277287	-66.7	235.438	24.376
0.765048646110054	-66.2416	236.727	24.2508
0.766990393942821	-65.7807	238.007	24.1236
0.768932141775587	-65.3173	239.278	23.9947
0.770873889608354	-64.8514	240.54	23.8645
0.77281563744112	-64.3832	241.793	23.7333
0.774757385273887	-63.9124	243.037	23.6014
0.776699133106654	-63.4393	244.271	23.4691
0.77864088093942	-62.9638	245.497	23.3366
0.780582628772187	-62.4859	246.713	23.2041
0.782524376604954	-62.0057	247.92	23.072
0.78446612443772	-61.5232	249.117	22.9404
0.786407872270487	-61.0383	250.306	22.8096
0.788349620103253	-60.5511	251.484	22.6797
0.79029136793602	-60.0616	252.654	22.5509
0.792233115768787	-59.5699	253.814	22.4233
0.794174863601553	-59.076	254.964	22.2971
0.79611661143432	-58.5798	256.104	22.1725
0.798058359267087	-58.0814	257.235	22.0496
0.800000107099853	-57.5808	258.357	21.9284
0.80194185493262	-57.0781	259.468	21.8091
0.803883602765387	-56.5732	260.57	21.6917
0.805825350598153	-56.0662	261.662	21.5764
0.80776709843092	-55.557	262.744	21.4633
0.809708846263686	-55.0458	263.817	21.3523
0.811650594096453	-54.5325	264.879	21.2436
0.81359234192922	-54.0171	265.931	21.1371
0.815534089761986	-53.4998	266.974	21.033
0.817475837594753	-52.9804	268.006	20.9312
0.81941758542752	-52.459	269.028	20.8318
0.821359333260286	-51.9356	270.04	20.7348
0.823301081093053	-51.4103	271.042	20.6403
0.82524282892582	-50.883	272.034	20.5481
0.827184576758586	-50.3538	273.015	20.4584
0.829126324591353	-49.8228	273.987	20.3711
0.83106807242412	-49.2898	274.947	20.2863
0.833009820256886	-48.755	275.898	20.2038
0.834951568089653	-48.2184	276.838	20.1238
0.836893315922419	-47.6799	277.768	20.0461
0.838835063755186	-47.1397	278.687	19.9708
0.840776811587953	-46.5976	279.596	19.8979
0.842718559420719	-46.0539	280.494	19.8272
0.844660307253486	-45.5084	281.382	19.7589
0.846602055086253	-44.9611	282.259	19.6928
0.848543802919019	-44.4122	283.125	19.6289
0.850485550751786	-43.8616	283.981	19.5673
0.852427298584552	-43.3094	284.826	19.5077
0.854369046417319	-42.7555	285.661	19.4503
0.856310794250086	-42.2	286.484	19.395
0.858252542082852	-41.643	287.297	19.3417
0.860194289915619	-41.0843	288.099	19.2904
0.862136037748386	-40.5241	288.89	19.2411
0.864077785581152	-39.9624	289.671	19.1936
0.866019533413919	-39.3992	290.44	19.1481
0.867961281246685	-38.8345	291.198	19.1043
0.869903029079452	-38.2683	291.946	19.0623
0.871844776912219	-37.7007	292.682	19.0221
0.873786524744985	-37.1317	293.408	18.9835
0.875728272577752	-36.5613	294.122	18.9466
0.877670020410519	-35.9895	294.826	18.9113
0.879611768243285	-35.4164	295.518	18.8775
0.881553516076052	-34.8419	296.199	18.8452
0.883495263908819	-34.2661	296.869	18.8143
0.885437011741585	-33.689	297.528	18.7849
0.887378759574352	-33.1106	298.176	18.7568
0.889320507407119	-32.531	298.812	18.7301
0.891262255239885	-31.9502	299.437	18.7046
0.893204003072652	-31.3682	300.051	18.6803
0.895145750905418	-30.785	300.653	18.6572
0.897087498738185	-30.2006	301.245	18.6353
0.899029246570952	-29.6151	301.825	18.6144
0.900970994403718	-29.0285	302.393	18.5946
0.902912742236485	-28.4408	302.95	18.5758
0.904854490069252	-27.852	303.496	18.5579
0.906796237902018	-27.2621	304.03	18.541
0.908737985734785	-26.6713	304.553	18.525
0.910679733567552	-26.0794	305.065	18.5098
0.912621481400318	-25.4866	305.565	18.4954
0.914563229233085	-24.8928	306.053	18.4818
0.916504977065851	-24.298	306.53	18.4689
0.918446724898618	-23.7024	306.995	18.4567
0.920388472731385	-23.1058	307.449	18.4452
0.922330220564151	-22.5084	307.891	18.4343
0.924271968396918	-21.9101	308.322	18.4239
0.926213716229685	-21.311	308.741	18.4142
0.928155464062451	-20.7111	309.148	18.4049
0.930097211895218	-20.1105	309.544	18.3961
0.932038959727984	-19.509	309.928	18.3878
0.933980707560751	-18.9069	310.301	18.3799
0.935922455393518	-18.304	310.661	18.3724
0.937864203226284	-17.7004	311.01	18.3653
0.939805951059051	-17.0962	311.348	18.3586
0.941747698891818	-16.4913	311.673	18.3521
0.943689446724584	-15.8858	311.987	18.3459
0.945631194557351	-15.2797	312.289	18.34
0.947572942390117	-14.673	312.58	18.3344
0.949514690222884	-14.0658	312.858	18.3289
0.951456438055651	-13.4581	313.125	18.3237
0.953398185888417	-12.8498	313.38	18.3186
0.955339933721184	-12.2411	313.624	18.3137
0.957281681553951	-11.6319	313.855	18.3089
0.959223429386717	-11.0222	314.075	18.3042
0.961165177219484	-10.4122	314.282	18.2996
0.963106925052251	-9.80171	314.478	18.2951
0.965048672885017	-9.1909	314.663	18.2906
0.966990420717784	-8.57973	314.835	18.2862
0.968932168550551	-7.96824	314.995	18.2819
0.970873916383317	-7.35646	315.144	18.2775
0.972815664216084	-6.74439	315.28	18.2731
0.97475741204885	-6.13207	315.405	18.2687
0.976699159881617	-5.51952	315.518	18.2643
0.978640907714384	-4.90677	315.619	18.2599
0.98058265554715	-4.29383	315.709	18.2554
0.982524403379917	-3.68072	315.786	18.2508
0.984466151212684	-3.06748	315.851	18.2462
0.98640789904545	-2.45412	315.905	18.2414
0.988349646878217	-1.84067	315.946	18.2366
0.990291394710983	-1.22715	315.976	18.2317
0.99223314254375	-0.613588	315.994	18.2267
0.994174890376517	-3.42938E-12	316	18.2216
0.996116638209283	0.613588	315.994	18.2163
0.99805838604205	1.22715	315.976	18.2109
1.00000013387482	1.84067	315.946	18.2054
1.00194188170758	2.45412	315.905	18.1997
1.00388362954035	3.06748	315.851	18.1939
1.00582537737312	3.68072	315.786	18.1879
1.00776712520588	4.29383	315.709	18.1818
1.00970887303865	4.90677	315.619	18.1755
1.01165062087142	5.51952	315.518	18.1691
1.01359236870418	6.13207	315.405	18.1624
1.01553411653695	6.74439	315.28	18.1556
1.01747586436972	7.35646	315.144	18.1487
1.01941761220248	7.96824	314.995	18.1415
1.02135936003525	8.57973	314.835	18.1342
1.02330110786802	9.1909	314.663	18.1267
1.02524285570078	9.80171	314.478	18.119
1.02718460353355	10.4122	314.282	18.1112
1.02912635136632	11.0222	314.075	18.1031
1.03106809919908	11.6319	313.855	18.0949
1.03300984703185	12.2411	313.624	18.0864
1.03495159486462	12.8498	313.38	18.0778
1.03689334269738	13.4581	313.125	18.069
1.03883509053015	14.0658	312.858	18.06
1.04077683836292	14.673	312.58	18.0508
1.04271858619568	15.2797	312.289	18.0414
1.04466033402845	15.8858	311.987	18.0319
1.04660208186122	16.4913	311.673	18.0221
1.04854382969398	17.0962	311.348	18.0122
1.05048557752675	17.7004	311.01	18.002
1.05242732535952	18.304	310.661	17.9917
1.05436907319228	18.9069	310.301	17.9812
1.05631082102505	19.509	309.928	17.9705
1.05825256885782	20.1105	309.544	17.9596
1.06019431669058	20.7111	309.148	17.9486
1.06213606452335	21.311	308.741	17.9373
1.06407781235612	21.9101	308.322	17.9259
1.06601956018888	22.5084	307.891	17.9142
1.06796130802165	23.1058	307.449	17.9024
1.06990305585442	23.7024	306.995	17.8904
1.07184480368718	24.298	306.53	17.8783
1.07378655151995	24.8928	306.053	17.8659
1.07572829935272	25.4866	305.565	17.8534
1.07767004718548	26.0794	305.065	17.8407
1.07961179501825	26.6713	304.553	17.8278
1.08155354285102	27.2621	304.03	17.8147
1.08349529068378	27.852	303.496	17.8015
1.08543703851655	28.4408	302.95	17.7881
1.08737878634932	29.0285	302.393	17.7745
1.08932053418208	29.6151	301.825	17.7607
1.09126228201485	30.2006	301.245	17.7468
1.09320402984762	30.785	300.653	17.7327
1.09514577768038	31.3682	300.051	17.7184
1.09708752551315	31.9502	299.437	17.704
1.09902927334592	32.531	298.812	17.6893
1.10097102117868	33.1106	298.176	17.6746
1.10291276901145	33.689	297.528	17.6596
1.10485451684422	34.2661	296.869	17.6445
1.10679626467698	34.8419	296.199	17.6292
1.10873801250975	35.4164	295.518	17.6138
1.11067976034251	35.9895	294.826	17.5981
1.11262150817528	36.5613	294.122	17.5824
1.11456325600805	37.1317	293.408	17.5664
1.11650500384081	37.7007	292.682	17.5503
1.11844675167358	38.2683	291.946	17.534
1.12038849950635	38.8345	291.198	17.5176
1.12233024733911	39.3992	290.44	17.501
1.12427199517188	39.9624	289.671	17.4842
1.12621374300465	40.5241	288.89	17.4673
1.12815549083741	41.0843	288.099	17.4502
1.13009723867018	41.643	287.297	17.433
1.13203898650295	42.2	286.484	17.4155
1.13398073433571	42.7555	285.661	17.398
1.13592248216848	43.3094	284.826	17.3802
1.13786423000125	43.8616	283.981	17.3623
1.13980597783401	44.4122	283.125	17.3443
1.14174772566678	44.9611	282.259	17.326
1.14368947349955	45.5084	281.382	17.3076
1.14563122133231	46.0539	280.494	17.2891
1.14757296916508	46.5976	279.596	17.2704
1.14951471699785	47.1397	278.687	17.2515
1.15145646483061	47.6799	277.768	17.2324
1.15339821266338	48.2184	276.838	17.2132
1.15533996049615	48.755	275.898	17.1938
1.15728170832891	49.2898	274.947	17.1743
1.15922345616168	49.8228	273.987	17.1546
1.16116520399445	50.3538	273.015	17.1347
1.16310695182721	50.883	272.034	17.1147
1.16504869965998	51.4103	271.042	17.0945
1.16699044749275	51.9356	270.04	17.0741
1.16893219532551	52.459	269.028	17.0535
1.17087394315828	52.9804	268.006	17.0328
1.17281569099105	53.4998	266.974	17.0119
1.17475743882381	54.0171	265.931	16.9909
1.17669918665658	54.5325	264.879	16.9696
1.17864093448935	55.0458	263.817	16.9482
1.18058268232211	55.557	262.744	16.9266
1.18252443015488	56.0662	261.662	16.9049
1.18446617798765	56.5732	260.57	16.883
1.18640792582041	57.0781	259.468	16.8608
1.18834967365318	57.5808	258.357	16.8386
1.19029142148595	58.0814	257.235	16.8161
1.19223316931871	58.5798	256.104	16.7934
1.19417491715148	59.076	254.964	16.7706
1.19611666498425	59.5699	253.814	16.7476
1.19805841281701	60.0616	252.654	16.7244
1.20000016064978	60.5511	251.484	16.701
1.20194190848255	61.0383	250.306	16.6775
1.20388365631531	61.5232	249.117	16.6537
1.20582540414808	62.0057	247.92	16.6297
1.20776715198085	62.4859	246.713	16.6056
1.20970889981361	62.9638	245.497	16.5813
1.21165064764638	63.4393	244.271	16.5568
1.21359239547915	63.9124	243.037	16.532
1.21553414331191	64.3832	241.793	16.5071
1.21747589114468	64.8514	240.54	16.482
1.21941763897745	65.3173	239.278	16.4567
1.22135938681021	65.7807	238.007	16.4312
1.22330113464298	66.2416	236.727	16.4054
1.22524288247575	66.7	235.438	16.3795
1.22718463030851	67.1559	234.141	16.3534
1.22912637814128	67.6093	232.834	16.327
1.23106812597405	68.0601	231.519	16.3005
1.23300987380681	68.5084	230.195	16.2737
1.23495162163958	68.9541	228.862	16.2467
1.23689336947235	69.3971	227.521	16.2195
1.23883511730511	69.8376	226.171	16.1921
1.24077686513788	70.2755	224.813	16.1645
1.24271861297065	70.7107	223.446	16.1366
1.24466036080341	71.1432	222.07	16.1085
1.24660210863618	71.5731	220.687	16.0802
1.24854385646895	72.0003	219.295	16.0517
1.25048560430171	72.4247	217.895	16.0229
1.25242735213448	72.8464	216.486	15.9939
1.25436909996725	73.2654	215.07	15.9646
1.25631084780001	73.6817	213.645	15.9351
1.25825259563278	74.0951	212.213	15.9054
1.26019434346555	74.5058	210.772	15.8754
1.26213609129831	74.9136	209.323	15.8452
1.26407783913108	75.3187	207.867	15.8147
1.26601958696385	75.7209	206.403	15.784
1.26796133479661	76.1202	204.931	15.753
1.26990308262938	76.5167	203.451	15.7217
1.27184483046215	76.9103	201.963	15.6902
1.27378657829491	77.301	200.468	15.6584
1.27572832612768	77.6888	198.966	15.6264
1.27767007396045	78.0737	197.456	15.5941
1.27961182179321	78.4557	195.938	15.5615
1.28155356962598	78.8346	194.413	15.5286
1.28349531745875	79.2107	192.881	15.4955
1.28543706529151	79.5837	191.341	15.462
1.28737881312428	79.9537	189.795	15.4283
1.28932056095705	80.3208	188.241	15.3943
1.29126230878981	80.6848	186.68	15.36
1.29320405662258	81.0457	185.112	15.3253
1.29514580445535	81.4036	183.537	15.2904
1.29708755228811	81.7585	181.955	15.2552
1.29902930012088	82.1103	180.367	15.2196
1.30097104795364	82.4589	178.771	15.1838
1.30291279578641	82.8045	177.169	15.1476
1.30485454361918	83.147	175.56	15.1111
1.30679629145194	83.4863	173.945	15.0742
1.30873803928471	83.8225	172.323	15.037
1.31067978711748	84.1555	170.694	14.9995
1.31262153495024	84.4854	169.059	14.9616
1.31456328278301	84.812	167.418	14.9234
1.31650503061578	85.1355	165.77	14.8848
1.31844677844854	85.4558	164.116	14.8459
1.32038852628131	85.7729	162.456	14.8066
1.32233027411408	86.0867	160.79	14.7669
1.32427202194684	86.3973	159.118	14.7269
1.32621376977961	86.7046	157.44	14.6864
1.32815551761238	87.0087	155.756	14.6456
1.33009726544514	87.3095	154.066	14.6044
1.33203901327791	87.607	152.37	14.5627
1.33398076111068	87.9012	150.669	14.5207
1.33592250894344	88.1921	148.961	14.4782
1.33786425677621	88.4797	147.249	14.4353
1.33980600460898	88.764	145.53	14.392
1.34174775244174	89.0449	143.806	14.3483
1.34368950027451	89.3224	142.077	14.3041
1.34563124810728	89.5966	140.343	14.2594
1.34757299594004	89.8674	138.603	14.2143
1.34951474377281	90.1349	136.858	14.1687
1.35145649160558	90.3989	135.107	14.1226
1.35339823943834	90.6596	133.352	14.0761
1.35533998727111	90.9168	131.592	14.0291
1.35728173510388	91.1706	129.826	13.9815
1.35922348293664	91.421	128.056	13.9334
1.36116523076941	91.6679	126.281	13.8849
1.36310697860218	91.9114	124.501	13.8357
1.36504872643494	92.1514	122.717	13.7861
1.36699047426771	92.388	120.928	13.7359
1.36893222210048	92.621	119.134	13.6851
1.37087396993324	92.8506	117.336	13.6337
1.37281571776601	93.0767	115.534	13.5818
1.37475746559878	93.2993	113.727	13.5292
1.37669921343154	93.5184	111.916	13.4761
1.37864096126431	93.7339	110.1	13.4223
1.38058270909708	93.9459	108.281	13.3679
1.38252445692984	94.1544	106.457	13.3129
1.38446620476261	94.3593	104.63	13.2572
1.38640795259538	94.5607	102.798	13.2008
1.38834970042814	94.7586	100.963	13.1437
1.39029144826091	94.9528	99.1234	13.0859
1.39223319609368	95.1435	97.2805	13.0275
1.39417494392644	95.3306	95.4339	12.9682
1.39611669175921	95.5141	93.5837	12.9083
1.39805843959198	95.694	91.73	12.8475
1.40000018742474	95.8703	89.8728	12.786
1.40194193525751	96.0431	88.0122	12.7237
1.40388368309028	96.2121	86.1483	12.6606
1.40582543092304	96.3776	84.2812	12.5967
1.40776717875581	96.5394	82.4109	12.5319
1.40970892658858	96.6976	80.5375	12.4662
1.41165067442134	96.8522	78.6611	12.3996
1.41359242225411	97.0031	76.7817	12.3322
1.41553417008688	97.1504	74.8995	12.2638
1.41747591791964	97.294	73.0144	12.1944
1.41941766575241	97.4339	71.1265	12.1241
1.42135941358518	97.5702	69.236	12.0528
1.42330116141794	97.7028	67.3429	11.9805
1.42524290925071	97.8317	65.4472	11.9071
1.42718465708348	97.957	63.5491	11.8327
1.42912640491624	98.0785	61.6485	11.7572
1.43106815274901	98.1964	59.7457	11.6805
1.43300990058178	98.3105	57.8406	11.6028
1.43495164841454	98.421	55.9333	11.5238
1.43689339624731	98.5278	54.024	11.4437
1.43883514408008	98.6308	52.1125	11.3623
1.44077689191284	98.7301	50.1992	11.2797
1.44271863974561	98.8258	48.2839	11.1958
1.44466038757838	98.9177	46.3668	11.1105
1.44660213541114	99.0058	44.448	11.024
1.44854388324391	99.0903	42.5275	10.936
1.45048563107668	99.171	40.6054	10.8466
1.45242737890944	99.248	38.6818	10.7558
1.45436912674221	99.3212	36.7567	10.6634
1.45631087457498	99.3907	34.8302	10.5696
1.45825262240774	99.4565	32.9024	10.4742
1.46019437024051	99.5185	30.9734	10.3771
1.46213611807328	99.5767	29.0432	10.2785
1.46407786590604	99.6313	27.112	10.1781
1.46601961373881	99.682	25.1797	10.076
1.46796136157158	99.729	23.2464	9.97217
1.46990310940434	99.7723	21.3123	9.86649
1.47184485723711	99.8118	19.3774	9.75894
1.47378660506988	99.8476	17.4417	9.64948
1.47572835290264	99.8795	15.5054	9.53805
1.47767010073541	99.9078	13.5685	9.42461
1.47961184856818	99.9322	11.6311	9.30911
1.48155359640094	99.9529	9.69324	9.19148
1.48349534423371	99.9699	7.75503	9.07168
1.48543709206648	99.9831	5.81653	8.94965
1.48737883989924	99.9925	3.87781	8.82532
1.48932058773201	99.9981	1.93894	8.69865
1.49126233556478	100	-5.42234E-12	8.56957
1.49320408339754	99.9981	-1.93894	8.43801
1.49514583123031	99.9925	-3.87781	8.30392
1.49708757906308	99.9831	-5.81653	8.16722
1.49902932689584	99.9699	-7.75503	8.02785
1.50097107472861	99.9529	-9.69324	7.88573
1.50291282256137	99.9322	-11.6311	7.74081
1.50485457039414	99.9078	-13.5685	7.593
1.50679631822691	99.8795	-15.5054	7.44222
1.50873806605967	99.8476	-17.4417	7.28841
1.51067981389244	99.8118	-19.3774	7.13149
1.51262156172521	99.7723	-21.3123	6.97137
1.51456330955797	99.729	-23.2464	6.80797
1.51650505739074	99.682	-25.1797	6.64121
1.51844680522351	99.6313	-27.112	6.471
1.52038855305627	99.5767	-29.0432	6.29726
1.52233030088904	99.5185	-30.9734	6.1199
1.52427204872181	99.4565	-32.9024	5.93882
1.52621379655457	99.3907	-34.8302	5.75394
1.52815554438734	99.3212	-36.7567	5.56516
1.53009729222011	99.248	-38.6818	5.37239
1.53203904005287	99.171	-40.6054	5.17552
1.53398078788564	99.0903	-42.5275	4.97447
1.53592253571841	99.0058	-44.448	4.76912
1.53786428355117	98.9177	-46.3668	4.55939
1.53980603138394	98.8258	-48.2839	4.34517
1.54174777921671	98.7301	-50.1992	4.12635
1.54368952704947	98.6308	-52.1125	3.90284
1.54563127488224	98.5278	-54.024	3.67453
1.54757302271501	98.421	-55.9333	3.44132
1.54951477054777	98.3105	-57.8406	3.2031
1.55145651838054	98.1964	-59.7457	2.95976
1.55339826621331	98.0785	-61.6485	2.71121
1.55534001404607	97.957	-63.5491	2.45735
1.55728176187884	97.8317	-65.4472	2.19806
1.55922350971161	97.7028	-67.3429	1.93325
1.56116525754437	97.5702	-69.236	1.66282
1.56310700537714	97.4339	-71.1265	1.38667
1.56504875320991	97.294	-73.0144	1.10471
1.56699050104267	97.1504	-74.8995	0.816856
1.56893224887544	97.0031	-76.7817	0.523007
1.57087399670821	96.8522	-78.6611	0.223085
1.57281574454097	96.6976	-80.5375	-0.0829884
1.57475749237374	96.5394	-82.4109	-0.395286
1.57669924020651	96.3776	-84.2812	-0.713876
1.57864098803927	96.2121	-86.1483	-1.03882
1.58058273587204	96.0431	-88.0122	-1.37016
1.58252448370481	95.8703	-89.8728	-1.70796
1.58446623153757	95.694	-91.73	-2.05224
1.58640797937034	95.5141	-93.5837	-2.40302
1.58834972720311	95.3306	-95.4339	-2.76033
1.59029147503587	95.1435	-97.2805	-3.12417
1.59223322286864	94.9528	-99.1234	-3.49451
1.59417497070141	94.7586	-100.963	-3.87135
1.59611671853417	94.5607	-102.798	-4.25463
1.59805846636694	94.3593	-104.63	-4.64431
1.60000021419971	94.1544	-106.457	-5.0403
1.60194196203247	93.9459	-108.281	-5.44251
1.60388370986524	93.7339	-110.1	-5.85084
1.60582545769801	93.5184	-111.916	-6.26515
1.60776720553077	93.2993	-113.727	-6.68528
1.60970895336354	93.0767	-115.534	-7.11106
1.61165070119631	92.8506	-117.336	-7.54229
1.61359244902907	92.621	-119.134	-7.97874
1.61553419686184	92.388	-120.928	-8.42016
1.61747594469461	92.1514	-122.717	-8.86627
1.61941769252737	91.9114	-124.501	-9.31677
1.62135944036014	91.6679	-126.281	-9.77132
1.62330118819291	91.421	-128.056	-10.2296
1.62524293602567	91.1706	-129.826	-10.6911
1.62718468385844	90.9168	-131.592	-11.1555
1.62912643169121	90.6596	-133.352	-11.6224
1.63106817952397	90.3989	-135.107	-12.0912
1.63300992735674	90.1349	-136.858	-12.5615
1.63495167518951	89.8674	-138.603	-13.0327
1.63689342302227	89.5966	-140.343	-13.5042
1.63883517085504	89.3224	-142.077	-13.9756
1.64077691868781	89.0449	-143.806	-14.4461
1.64271866652057	88.764	-145.53	-14.9151
1.64466041435334	88.4797	-147.249	-15.3821
1.64660216218611	88.1921	-148.961	-15.8462
1.64854391001887	87.9012	-150.669	-16.3069
1.65048565785164	87.607	-152.37	-16.7635
1.65242740568441	87.3095	-154.066	-17.2152
1.65436915351717	87.0087	-155.756	-17.6613
1.65631090134994	86.7046	-157.44	-18.1011
1.65825264918271	86.3973	-159.118	-18.534
1.66019439701547	86.0867	-160.79	-18.9591
1.66213614484824	85.7729	-162.456	-19.3758
1.66407789268101	85.4558	-164.116	-19.7835
1.66601964051377	85.1355	-165.77	-20.1814
1.66796138834654	84.812	-167.418	-20.5689
1.66990313617931	84.4854	-169.059	-20.9453
1.67184488401207	84.1555	-170.694	-21.3102
1.67378663184484	83.8225	-172.323	-21.6628
1.67572837967761	83.4863	-173.945	-22.0028
1.67767012751037	83.147	-175.56	-22.3295
1.67961187534314	82.8045	-177.169	-22.6426
1.68155362317591	82.4589	-178.771	-22.9417
1.68349537100867	82.1103	-180.367	-23.2263
1.68543711884144	81.7585	-181.955	-23.4963
1.68737886667421	81.4036	-183.537	-23.7513
1.68932061450697	81.0457	-185.112	-23.9912
1.69126236233974	80.6848	-186.68	-24.2157
1.69320411017251	80.3208	-188.241	-24.4249
1.69514585800527	79.9537	-189.795	-24.6186
1.69708760583804	79.5837	-191.341	-24.7969
1.69902935367081	79.2107	-192.881	-24.9598
1.70097110150357	78.8346	-194.413	-25.1074
1.70291284933634	78.4557	-195.938	-25.2399
1.7048545971691	78.0737	-197.456	-25.3575
1.70679634500187	77.6888	-198.966	-25.4604
1.70873809283464	77.301	-200.468	-25.5489
1.7106798406674	76.9103	-201.963	-25.6233
1.71262158850017	76.5167	-203.451	-25.684
1.71456333633294	76.1202	-204.931	-25.7313
1.7165050841657	75.7209	-206.403	-25.7658
1.71844683199847	75.3187	-207.867	-25.7877
1.72038857983124	74.9136	-209.323	-25.7977
1.722330327664	74.5058	-210.772	-25.7961
1.72427207549677	74.0951	-212.213	-25.7834
1.72621382332954	73.6817	-213.645	-25.7602
1.7281555711623	73.2654	-215.07	-25.727
1.73009731899507	72.8464	-216.486	-25.6843
1.73203906682784	72.4247	-217.895	-25.6326
1.7339808146606	72.0003	-219.295	-25.5725
1.73592256249337	71.5731	-220.687	-25.5044
1.73786431032614	71.1432	-222.07	-25.429
1.7398060581589	70.7107	-223.446	-25.3467
1.74174780599167	70.2755	-224.813	-25.258
1.74368955382444	69.8376	-226.171	-25.1634
1.7456313016572	69.3971	-227.521	-25.0634
1.74757304948997	68.9541	-228.862	-24.9585
1.74951479732274	68.5084	-230.195	-24.8492
1.7514565451555	68.0601	-231.519	-24.7358
1.75339829298827	67.6093	-232.834	-24.6189
1.75534004082104	67.1559	-234.141	-24.4988
1.7572817886538	66.7	-235.438	-24.376
1.75922353648657	66.2416	-236.727	-24.2508
1.76116528431934	65.7807	-238.007	-24.1236
1.7631070321521	65.3173	-239.278	-23.9947
1.76504877998487	64.8514	-240.54	-23.8645
1.76699052781764	64.3832	-241.793	-23.7333
1.7689322756504	63.9124	-243.037	-23.6014
1.77087402348317	63.4393	-244.271	-23.4691
1.77281577131594	62.9638	-245.497	-23.3366
1.7747575191487	62.4859	-246.713	-23.2041
1.77669926698147	62.0057	-247.92	-23.072
1.77864101481424	61.5232	-249.117	-22.9404
1.780582762647	61.0383	-250.306	-22.8096
1.78252451047977	60.5511	-251.484	-22.6797
1.78446625831254	60.0616	-252.654	-22.5509
1.7864080061453	59.5699	-253.814	-22.4233
1.78834975397807	59.076	-254.964	-22.2971
1.79029150181084	58.5798	-256.104	-22.1725
1.7922332496436	58.0814	-257.235	-22.0496
1.79417499747637	57.5808	-258.357	-21.9284
1.79611674530914	57.0781	-259.468	-21.8091
1.7980584931419	56.5732	-260.57	-21.6917
1.80000024097467	56.0662	-261.662	-21.5764
1.80194198880744	55.557	-262.744	-21.4633
1.8038837366402	55.0458	-263.817	-21.3523
1.80582548447297	54.5325	-264.879	-21.2436
1.80776723230574	54.0171	-265.931	-21.1371
1.8097089801385	53.4998	-266.974	-21.033
1.81165072797127	52.9804	-268.006	-20.9312
1.81359247580404	52.459	-269.028	-20.8318
1.8155342236368	51.9356	-270.04	-20.7348
1.81747597146957	51.4103	-271.042	-20.6403
1.81941771930234	50.883	-272.034	-20.5481
1.8213594671351	50.3538	-273.015	-20.4584
1.82330121496787	49.8228	-273.987	-20.3711
1.82524296280064	49.2898	-274.947	-20.2863
1.8271847106334	48.755	-275.898	-20.2038
1.82912645846617	48.2184	-276.838	-20.1238
1.83106820629894	47.6799	-277.768	-20.0461
1.8330099541317	47.1397	-278.687	-19.9708
1.83495170196447	46.5976	-279.596	-19.8979
1.83689344979724	46.0539	-280.494	-19.8272
1.83883519763	45.5084	-281.382	-19.7589
1.84077694546277	44.9611	-282.259	-19.6928
1.84271869329554	44.4122	-283.125	-19.6289
1.8446604411283	43.8616	-283.981	-19.5673
1.84660218896107	43.3094	-284.826	-19.5077
1.84854393679384	42.7555	-285.661	-19.4503
1.8504856846266	42.2	-286.484	-19.395
1.85242743245937	41.643	-287.297	-19.3417
1.85436918029214	41.0843	-288.099	-19.2904
1.8563109281249	40.5241	-288.89	-19.2411
1.85825267595767	39.9624	-289.671	-19.1936
1.86019442379044	39.3992	-290.44	-19.1481
1.8621361716232	38.8345	-291.198	-19.1043
1.86407791945597	38.2683	-291.946	-19.0623
1.86601966728874	37.7007	-292.682	-19.0221
1.8679614151215	37.1317	-293.408	-18.9835
1.86990316295427	36.5613	-294.122	-18.9466
1.87184491078704	35.9895	-294.826	-18.9113
1.8737866586198	35.4164	-295.518	-18.8775
1.87572840645257	34.8419	-296.199	-18.8452
1.87767015428534	34.2661	-296.869	-18.8143
1.8796119021181	33.689	-297.528	-18.7849
1.88155364995087	33.1106	-298.176	-18.7568
1.88349539778364	32.531	-298.812	-18.7301
1.8854371456164	31.9502	-299.437	-18.7046
1.88737889344917	31.3682	-300.051	-18.6803
1.88932064128194	30.785	-300.653	-18.6572
1.8912623891147	30.2006	-301.245	-18.6353
1.89320413694747	29.6151	-301.825	-18.6144
1.89514588478023	29.0285	-302.393	-18.5946
1.897087632613	28.4408	-302.95	-18.5758
1.89902938044577	27.852	-303.496	-18.5579
1.90097112827853	27.2621	-304.03	-18.541
1.9029128761113	26.6713	-304.553	-18.525
1.90485462394407	26.0794	-305.065	-18.5098
1.90679637177683	25.4866	-305.565	-18.4954
1.9087381196096	24.8928	-306.053	-18.4818
1.91067986744237	24.298	-306.53	-18.4689
1.91262161527513	23.7024	-306.995	-18.4567
1.9145633631079	23.1058	-307.449	-18.4452
1.91650511094067	22.5084	-307.891	-18.4343
1.91844685877343	21.9101	-308.322	-18.4239
1.9203886066062	21.311	-308.741	-18.4142
1.92233035443897	20.7111	-309.148	-18.4049
1.92427210227173	20.1105	-309.544	-18.3961
1.9262138501045	19.509	-309.928	-18.3878
1.92815559793727	18.9069	-310.301	-18.3799
1.93009734577003	18.304	-310.661	-18.3724
1.9320390936028	17.7004	-311.01	-18.3653
1.93398084143557	17.0962	-311.348	-18.3586
1.93592258926833	16.4913	-311.673	-18.3521
1.9378643371011	15.8858	-311.987	-18.3459
1.93980608493387	15.2797	-312.289	-18.34
1.94174783276663	14.673	-312.58	-18.3344
1.9436895805994	14.0658	-312.858	-18.3289
1.94563132843217	13.4581	-313.125	-18.3237
1.94757307626493	12.8498	-313.38	-18.3186
1.9495148240977	12.2411	-313.624	-18.3137
1.95145657193047	11.6319	-313.855	-18.3089
1.95339831976323	11.0222	-314.075	-18.3042
1.955340067596	10.4122	-314.282	-18.2996
1.95728181542877	9.80171	-314.478	-18.2951
1.95922356326153	9.1909	-314.663	-18.2906
1.9611653110943	8.57973	-314.835	-18.2862
1.96310705892707	7.96824	-314.995	-18.2819
1.96504880675983	7.35646	-315.144	-18.2775
1.9669905545926	6.74439	-315.28	-18.2731
1.96893230242537	6.13207	-315.405	-18.2687
1.97087405025813	5.51952	-315.518	-18.2643
1.9728157980909	4.90677	-315.619	-18.2599
1.97475754592367	4.29383	-315.709	-18.2554
1.97669929375643	3.68072	-315.786	-18.2508
1.9786410415892	3.06748	-315.851	-18.2462
1.98058278942197	2.45412	-315.905	-18.2414
1.98252453725473	1.84067	-315.946	-18.2366
1.9844662850875	1.22715	-315.976	-18.2317
1.98640803292027	0.613588	-315.994	-18.2267